[{"S":[{"A":[-0.28034188034188035,0.229059829059829,-0.3282051282051282],"B":[0.37606837606837606,-0.46153846153846156,0.3282051282051282],"color":"color5","id":577653454,"isBlobby":true,"isColored":false,"rounded":false,"sign":1,"symmetry":0,"type":0,"M":[0.2689136395418431,0,-1.9555530875229885e-18,0,0,0.3313258681433656,0,0,-2.3867236816098657e-18,0,0.2892269724908178,0,-0.010256410256410256,-0.20854700854700833,0.05,1],"Q":[13.828476589989249,0,2.0104557932469788e-16,0.14183052912809488,0,9.10939031299091,0,1.8997360994613506,2.0104557932469788e-16,0,11.954252279191643,-0.5977126139595823,0.14183052912809488,1.8997360994613506,-0.5977126139595823,-0.5724754166369728],"M_save":[0.2689136395418431,0,-1.9555530875229885e-18,0,0,0.3313258681433656,0,0,-2.3867236816098657e-18,0,0.2892269724908178,0,-0.010256410256410256,-0.20854700854700833,0.05,1],"name":"belly"},{"A":[-0.17094017094017092,0.4512820512820513,-0.19145299145299144],"B":[0.21196581196581196,0.030769230769230795,0.19145299145299144],"color":"color5","id":890841681,"isBlobby":true,"isColored":false,"rounded":false,"sign":1,"symmetry":0,"type":0,"M":[0.19145299145299144,0,0,0,0,0.21025641025641026,0,0,0,0,0.19145299145299144,0,-0.010256410256410256,0.148717948717949,0,1],"Q":[27.281967474489793,0,0,0.27981505102040816,0,22.62046400951814,0,-3.3640690065437293,0,0,27.281967474489793,0,0.27981505102040816,-3.3640690065437293,0,-0.49683266004200444],"M_save":[0.19145299145299144,0,0,0,0,0.21025641025641026,0,0,0,0,0.19145299145299144,0,-0.010256410256410256,0.148717948717949,0,1],"parentID":577653454,"jointPosition":[0.017857142857142835,-0.5284552845528456,0],"jointRotation":[0.9977799915677281,0.0665964595688418,0,0,-0.06659624377061363,0.9977767583755182,-0.0025457339389216467,0,-0.00016953686733642384,0.00254008238811092,0.9999967596141061,0,0,0,0,1],"name":"chest"},{"A":[-0.21196581196581196,0.8615384615384616,-0.20341880341880342],"B":[0.19487179487179487,0.44102564102564096,0.20341880341880342],"color":"color5","id":198227073,"isBlobby":true,"isColored":false,"rounded":false,"sign":1,"symmetry":0,"type":0,"M":[0.20341880341880342,0,0,0,0,0.21025641025641031,0,0,0,0,0.20341880341880342,0,-0.010256410256410256,0.5589743589743588,0,1],"Q":[24.1667255137349,0,0,0.24786385142292203,0,22.620464009518123,0,-12.644259369422947,0,0,24.1667255137349,0,0.24786385142292203,-12.644259369422947,0,6.070358969076649],"M_save":[0.20341880341880342,0,0,0,0,0.21025641025641031,0,0,0,0,0.20341880341880342,0,-0.010256410256410256,0.5589743589743588,0,1],"parentID":890841681,"jointPosition":[0,-0.975609756097561,0],"jointRotation":[0.9986861870008297,-0.05124347536337242,-0.00007827149804294633,0,0.05124353514097132,0.9986850219941191,0.00152543464685468,0,0,-0.0015274414192467576,0.999998833460675,0,0,0,0,1],"name":"head"},{"A":[-0.5162393162393162,0.6837606837606837,-0.10940170940170937],"B":[-0.29743589743589743,0.4512820512820513,0.10940170940170937],"color":"color5","id":522929804,"isBlobby":true,"isColored":false,"rounded":false,"sign":1,"symmetry":0,"type":0,"M":[0.10940170940170937,0,0,0,0,0.11623931623931619,0,0,0,0,0.10940170940170937,0,-0.010256410256410256,0.5333333333333332,0.18960249946383634,1],"Q":[83.55102539062503,0,0,0.8569335937500003,0,74.01059688581321,0,-39.47231833910037,0,0,83.55102539062503,-15.84148324682896,0.8569335937500003,-39.47231833910037,-15.84148324682896,23.064276995500116],"M_save":[0.10940170940170937,0,0,0,0,0.11623931623931619,0,0,0,0,0.10940170940170937,0,-0.010256410256410256,0.5333333333333332,0.18960249946383634,1],"parentID":198227073,"jointPosition":[0,0,-0.436855173330815],"jointRotation":[1,0,0,0,0,1,0,0,0,0,1,0,0,0,0,1],"name":"nose"},{"A":[-0.5264957264957264,0.694017094017094,-0.05],"B":[-0.4615384615384615,0.6358974358974359,0.05],"color":"color9","id":187310795,"isBlobby":false,"isColored":true,"rounded":false,"sign":1,"symmetry":1,"type":0,"M":[0.05,0,0,0,0,0.05,0,0,0,0,0.05,0,-0.1213675213675213,0.6102564102564101,0.17739709553371652,1],"Q":[400,0,0,48.54700854700852,0,400,0,-244.10256410256397,0,0,400,-70.95883821348662,48.54700854700852,-244.10256410256397,-70.95883821348662,166.4450764022936],"M_save":[0.05,0,0,0,0,0.05,0,0,0,0,0.05,0,-0.1213675213675213,0.6102564102564101,0.17739709553371652,1],"parentID":198227073,"jointPosition":[0,1.7763568394002505e-15,-0.24579326346124653],"jointRotation":[1,0,0,0,0,1,0,0,0,0,1,0,0,0,0,1],"name":"right_eye"},{"M":[0.05,0,0,0,0,0.05,0,0,0,0,0.05,0,0.10085470085470077,0.6102564102564101,0.17739709553371652,1],"color":"color9","id":215923493,"isBlobby":false,"isColored":true,"rounded":false,"sign":1,"symmetry":2,"type":0,"Q":[400,0,0,-40.341880341880305,0,400,0,-244.10256410256397,0,0,400,-70.95883821348662,-40.341880341880305,-244.10256410256397,-70.95883821348662,164.6217145789318],"M_save":[0.05,0,0,0,0,0.05,0,0,0,0,0.05,0,0.10085470085470077,0.6102564102564101,0.17739709553371652,1],"jointPosition":[0,1.7763568394002505e-15,-0.24579326346124653],"parentID":198227073,"jointRotation":[1,0,0,0,0,1,0,0,0,0,1,0,0,0,0,1],"name":"left_eye"},{"A":[-0.4068376068376068,0.3213675213675214,-0.05],"B":[-0.11282051282051282,0.31794871794871793,0.05],"color":"color5","id":784802802,"isBlobby":true,"isColored":false,"rounded":false,"sign":1,"symmetry":1,"type":0,"M":[0.14700854700854699,0,0,0,0,0.05,0,0,0,0,0.05,0,-0.27008547008547,0.22735042735042713,0,1],"Q":[46.27163331530558,0,0,12.497295835586803,0,399.9999999999999,0,-90.94017094017083,0,0,399.9999999999999,0,12.497295835586803,-90.94017094017083,0,23.050624747120384],"M_save":[0.14700854700854699,0,0,0,0,0.05,0,0,0,0,0.05,0,-0.27008547008547,0.22735042735042713,0,1],"parentID":890841681,"jointPosition":[0.7325581395348852,-8.881784197001252e-16,0],"jointRotation":[0.694790698211151,0.644217687237691,0.31976469024797244,0,-0.5852141319570825,0.7648421872844885,-0.2693340830782429,0,-0.4180793052005559,0,0.9084105319529383,0,0,0,0,1],"name":"right_upper_arm"},{"M":[0.14700854700854699,0,0,0,0,0.05,0,0,0,0,0.05,0,0.2495726495726496,0.22735042735042713,0,1],"color":"color5","id":804651973,"isBlobby":true,"isColored":false,"rounded":false,"sign":1,"symmetry":2,"type":0,"Q":[46.27163331530558,0,0,-11.548134126554896,0,399.9999999999999,0,-90.94017094017083,0,0,399.9999999999999,0,-11.548134126554896,-90.94017094017083,0,22.557385158153377],"jointPosition":[-0.7325581395348852,-8.881784197001252e-16,0],"parentID":890841681,"jointRotation":[0.7623140342274349,-0.644217687237691,0.06213601749399311,0,0.6420882532937026,0.7648421872844885,0.052336445543441024,0,-0.08124031143548986,0,0.9966945428755315,0,0,0,0,1],"M_save":[0.14700854700854699,0,0,0,0,0.05,0,0,0,0,0.05,0,0.2495726495726496,0.22735042735042713,0,1],"name":"left_upper_arm"},{"A":[-0.6564102564102564,0.3384615384615384,-0.05],"B":[-0.37264957264957266,0.3076923076923076,0.05],"color":"color5","id":161183471,"isBlobby":true,"isColored":false,"rounded":false,"sign":1,"symmetry":1,"type":0,"M":[0.14188034188034188,0,0,0,0,0.05,0,0,0,0,0.05,0,-0.5247863247863247,0.23076923076923053,0,1],"Q":[49.67702133836552,0,0,26.06982145449267,0,399.9999999999999,0,-92.30769230769218,0,0,399.9999999999999,0,26.06982145449267,-92.30769230769218,0,33.98286093686782],"M_save":[0.14188034188034188,0,0,0,0,0.05,0,0,0,0,0.05,0,-0.5247863247863247,0.23076923076923053,0,1],"parentID":784802802,"jointPosition":[0.8795180722891534,-0.03418803418803229,0],"jointRotation":[0.7648421872844885,0.6402041634179404,-0.07179873043595207,0,-0.644217687237691,0.7600771639114438,-0.08524245626714932,0,0,0.11145103876892029,0.9937699260680656,0,0,0,0,1],"name":"right_lower_arm"},{"M":[0.14188034188034188,0,0,0,0,0.05,0,0,0,0,0.05,0,0.5042735042735043,0.23076923076923053,0,1],"color":"color5","id":866258100,"isBlobby":true,"isColored":false,"rounded":false,"sign":1,"symmetry":2,"type":0,"Q":[49.67702133836552,0,0,-25.050805632167226,0,399.9999999999999,0,-92.30769230769218,0,0,399.9999999999999,0,-25.050805632167226,-92.30769230769218,0,32.93423268893635],"jointPosition":[-0.8795180722891534,-0.03418803418803229,0],"parentID":804651973,"jointRotation":[0.7648421872844885,-0.5359091647252648,0.35751614748616384,0,0.644217687237691,0.6362537785819019,-0.4244581259563453,0,0,0.5549617071507917,0.8318758943473953,0,0,0,0,1],"M_save":[0.14188034188034188,0,0,0,0,0.05,0,0,0,0,0.05,0,0.5042735042735043,0.23076923076923053,0,1],"name":"left_lower_arm"},{"A":[-0.8307692307692308,0.39658119658119656,-0.07350427350427347],"B":[-0.6188034188034187,0.24957264957264963,0.07350427350427347],"color":"color5","id":415478676,"isBlobby":true,"isColored":false,"rounded":false,"sign":1,"symmetry":1,"type":0,"M":[0.10743224486814237,0,0,0,0,0.05124110373913694,0,0,0,0,0.07350427350427347,0,-0.735042735042735,0.23076923076923064,0,1],"Q":[86.64244485492864,0,0,63.6858996369561,0,380.8579699026452,0,-87.89030074676423,0,0,185.08653326122254,0,63.6858996369561,-87.89030074676423,0,66.09423494821246],"M_save":[0.10743224486814237,0,0,0,0,0.05124110373913694,0,0,0,0,0.07350427350427347,0,-0.735042735042735,0.23076923076923064,0,1],"parentID":161183471,"jointPosition":[0.8225806451612865,-1.7763568394002505e-15,0],"jointRotation":[1,0,0,0,0,0.9929090261018865,0.1188766835228985,0,0,-0.1188766835228985,0.9929090261018865,0,0,0,0,1],"name":"right_hand"},{"M":[0.10743224486814237,0,0,0,0,0.05124110373913694,0,0,0,0,0.07350427350427347,0,0.7145299145299145,0.23076923076923064,0,1],"color":"color5","id":39324501,"isBlobby":true,"isColored":false,"rounded":false,"sign":1,"symmetry":2,"type":0,"Q":[86.64244485492864,0,0,-61.908618716855,0,380.8579699026452,0,-87.89030074676423,0,0,185.08653326122254,0,-61.908618716855,-87.89030074676423,0,63.5179371358266],"jointPosition":[-0.8225806451612865,-1.7763568394002505e-15,0],"parentID":866258100,"jointRotation":[1,0,0,0,0,0.9917981065291716,0.12781438058821895,0,0,-0.12781438058821895,0.9917981065291716,0,0,0,0,1],"M_save":[0.10743224486814237,0,0,0,0,0.05124110373913694,0,0,0,0,0.07350427350427347,0,0.7145299145299145,0.23076923076923064,0,1],"name":"left_hand"},{"A":[-0.31794871794871793,-0.6153846153846152,-0.056410256410256404],"B":[-0.20512820512820512,-0.170940170940171,0.056410256410256404],"color":"color5","id":165426842,"isBlobby":true,"isColored":false,"rounded":false,"sign":1,"symmetry":1,"type":0,"M":[0.056410256410256404,0,0,0,0,0.2222222222222221,0,0,0,0,0.056410256410256404,0,-0.22393162393162386,-0.48547008547008574,0,1],"Q":[314.25619834710756,0,0,70.37190082644628,0,20.250000000000025,0,9.830769230769247,0,0,314.25619834710756,0,70.37190082644628,9.830769230769247,0,19.53103840991953],"M_save":[0.056410256410256404,0,0,0,0,0.2222222222222221,0,0,0,0,0.056410256410256404,0,-0.22393162393162386,-0.48547008547008574,0,1],"parentID":577653454,"jointPosition":[0.010386679818510824,0.3567784352399759,0],"jointRotation":[0.9991459671521031,-0.04131992647244704,0,0,0.03501960036163728,0.846799485375175,-0.5307581927383223,0,0.02193088949859635,0.5303049078074333,0.8475232981111198,0,0,0,0,1],"name":"right_upper_leg"},{"M":[0.056410256410256404,0,0,0,0,0.2222222222222221,0,0,0,0,0.056410256410256404,0,0.20341880341880342,-0.48547008547008574,0,1],"color":"color5","id":645881748,"isBlobby":true,"isColored":false,"rounded":false,"sign":1,"symmetry":2,"type":0,"Q":[314.25619834710756,0,0,-63.92561983471076,0,20.250000000000025,0,9.830769230769247,0,0,314.25619834710756,0,-63.92561983471076,9.830769230769247,0,16.776217473280425],"jointPosition":[-0.010386679818510824,0.35677843523997477,0],"parentID":577653454,"jointRotation":[0.9991459671521031,-0.04131992647244713,0,0,0.040416510919158835,0.9773007199846768,0.20796588268885277,0,-0.008593134981480961,-0.20778827299379463,0.9781360803269892,0,0,0,0,1],"M_save":[0.056410256410256404,0,0,0,0,0.2222222222222221,0,0,0,0,0.056410256410256404,0,0.20341880341880342,-0.48547008547008574,0,1],"name":"left_upper_leg"},{"A":[-0.27008547008547007,-0.8273504273504272,-0.05],"B":[-0.24957264957264955,-0.5504273504273504,0.05],"color":"color5","id":514737684,"isBlobby":true,"isColored":false,"rounded":false,"sign":1,"symmetry":1,"type":0,"M":[0.05,0,0,0,0,0.1384615384615384,0,0,0,0,0.05,0,-0.22222222222222215,-0.7811965811965813,0,1],"Q":[399.9999999999999,0,0,88.88888888888884,0,52.160493827160536,0,40.74759945130319,0,0,399.9999999999999,0,88.88888888888884,40.74759945130319,0,50.584971803078815],"M_save":[0.05,0,0,0,0,0.1384615384615384,0,0,0,0,0.05,0,-0.22222222222222215,-0.7811965811965813,0,1],"parentID":165426842,"jointPosition":[8.881784197001252e-16,0.7654320987654328,0],"jointRotation":[1,0,0,0,0,0.9443941332150565,0.32881563397895497,0,0,-0.32881563397895497,0.9443941332150565,0,0,0,0,1],"name":"right_lower_leg"},{"M":[0.05,0,0,0,0,0.1384615384615384,0,0,0,0,0.05,0,0.20170940170940174,-0.7811965811965813,0,1],"color":"color5","id":40313063,"isBlobby":true,"isColored":false,"rounded":false,"sign":1,"symmetry":2,"type":0,"Q":[399.9999999999999,0,0,-80.68376068376068,0,52.160493827160536,0,40.74759945130319,0,0,399.9999999999999,0,-80.68376068376068,40.74759945130319,0,47.106558478511666],"jointPosition":[0,0.7654320987654328,0],"parentID":645881748,"jointRotation":[1,0,0,0,0,-0.1929369642093609,0.9812111535452885,0,0,-0.9812111535452885,-0.1929369642093609,0,0,0,0,1],"M_save":[0.05,0,0,0,0,0.1384615384615384,0,0,0,0,0.05,0,0.20170940170940174,-0.7811965811965813,0,1],"name":"left_lower_leg"},{"A":[-0.39658119658119656,-0.9367521367521366,-0.08547008547008533],"B":[-0.14358974358974358,-0.765811965811966,0.08547008547008533],"color":"color5","id":901077297,"isBlobby":true,"isColored":false,"rounded":false,"sign":1,"symmetry":1,"type":0,"M":[0.10553701557148956,0,0,0,0,0.08201135350083309,0,0,0,0,0.1592992338860274,0,-0.23247863247863243,-0.9435897435897438,0.16068376068376056,1],"Q":[89.78222880324374,0,0,20.87244977306179,0,148.67982493251242,0,140.29275788503736,0,0,39.406932108223266,-6.332054048158947,20.87244977306179,140.29275788503736,-6.332054048158947,137.24866427727176],"M_save":[0.10553701557148956,0,0,0,0,0.08201135350083309,0,0,0,0,0.1592992338860274,0,-0.23247863247863243,-0.9435897435897438,0.16068376068376056,1],"parentID":514737684,"jointPosition":[0.08108108108108114,0.6400000000000023,0],"jointRotation":[1,0,0,0,0,0.9673269682296999,0.2535321213091889,0,0,-0.2535321213091889,0.9673269682296999,0,0,0,0,1],"name":"right_foot"},{"M":[0.10553701557148956,0,0,0,0,0.08201135350083309,0,0,0,0,0.1592992338860274,0,0.211965811965812,-0.9435897435897438,0.16068376068376056,1],"color":"color5","id":880953789,"isBlobby":true,"isColored":false,"rounded":false,"sign":1,"symmetry":2,"type":0,"Q":[89.78222880324374,0,0,-19.030763028379873,0,148.67982493251242,0,140.29275788503736,0,0,39.406932108223266,-6.332054048158947,-19.030763028379873,140.29275788503736,-6.332054048158947,136.4301368351909],"jointPosition":[-0.08108108108108114,0.6400000000000023,0],"parentID":40313063,"jointRotation":[1,0,0,0,0,1,0,0,0,0,1,0,0,0,0,1],"M_save":[0.10553701557148956,0,0,0,0,0.08201135350083309,0,0,0,0,0.1592992338860274,0,0.211965811965812,-0.9435897435897438,0.16068376068376056,1]}],"isRubber":true,"isWalking":true,"isWiggling":false,"noiseState":0}]